2.55917 1.78195 
1.72361 4.07133 
2.43555 2.88985 
2.0337 3.55601 
2.4841 1.73638 
2.30352 2.92679 
2.64102 1.68758 
2.37203 2.42074 
2.31004 2.90014 
2.01396 3.56401 
2.18442 3.4271 
2.22114 3.43107 
2.2153 3.15705 
2.30966 2.83707 
2.41727 3.17361 
2.47271 2.66572 
2.21921 3.21822 
1.74776 3.92399 
2.38876 3.10931 
2.10194 3.38476 
2.36503 2.82005 
2.05894 3.5576 
2.38958 2.80542 
2.06604 3.57194 
2.29255 3.32879 
2.51513 1.9632 
2.17694 2.52789 
1.9778 3.90349 
2.05902 3.59341 
1.88318 3.53638 
1.53958 4.1533 
2.02366 3.46085 
2.16561 3.40581 
2.03246 3.61926 
2.28584 3.07654 
1.52827 4.27465 
2.45189 2.42841 
2.3509 2.31483 
2.35038 2.83133 
2.6211 1.78048 
2.26888 2.79967 
2.28788 2.83207 
1.87478 3.97055 
2.66827 2.08795 
2.60796 2.35269 
2.62402 1.82051 
2.27303 3.18422 
2.30522 2.90944 
2.38525 2.73989 
2.18098 3.36324 
2.25693 2.77797 
1.97583 3.7756 
1.95242 3.59375 
2.00175 3.7692 
2.36577 2.76546 
2.44121 2.11228 
2.2553 3.1194 
2.02958 3.55066 
2.3017 2.33871 
2.5446 1.72036 
2.25236 3.17116 
1.95748 3.46379 
2.02031 3.51812 
1.82939 3.87231 
2.32167 2.88196 
1.56501 4.24985 
2.40309 2.20697 
2.13513 3.12955 
2.67178 1.75439 
1.91887 3.42716 
2.02868 3.52187 
2.14384 3.17492 
1.47777 4.42209 
1.64038 4.06766 
2.28463 2.96044 
2.51795 2.17127 
2.46149 2.14717 
1.47599 4.3728 
2.16164 3.33596 
2.22013 2.89556 
2.52372 1.73835 
1.93636 3.69148 
2.36772 2.75804 
2.10056 3.15986 
2.48712 2.38077 
1.74646 4.211 
2.31378 2.71877 
2.32518 2.81497 
1.55719 3.98716 
2.41675 2.12273 
2.46195 2.22496 
2.29309 2.8492 
2.55177 2.33821 
2.02483 3.49258 
2.479 1.67911 
2.61464 2.00887 
2.35553 2.9543 
2.27888 3.13545 
2.41368 2.3619 
2.14092 3.1193 
